====================================================
FULL DATASET QUALITY AUDIT (2015-2025)
====================================================

Total Records: 9504
Unique Regions: 65

--- 1. DUPLICATE RECORDS ---
 Year  Month      Class  Threshold    Area_km2
 2015      1    Barisal        -17 1359.454145
 2015      1    Barisal        -17  360.726326
 2015      2    Barisal        -16 1349.338420
 2015      2    Barisal        -16  345.141295
 2015      3    Barisal        -16 1362.934328
 2015      3    Barisal        -16  357.908503
 2015      4    Barisal        -15 1352.488506
 2015      4    Barisal        -15  338.006587
 2015      5    Barisal        -14 1499.660660
 2015      5    Barisal        -14  411.294288
 2015      6    Barisal        -13 3115.999415
 2015      6    Barisal        -13  622.775826
 2015      7    Barisal        -13 2237.830123
 2015      7    Barisal        -13  524.614074
 2015      8    Barisal        -13 1918.517548
 2015      8    Barisal        -13  424.697867
 2015      9    Barisal        -14 2166.945529
 2015      9    Barisal        -14  525.773462
 2015     10    Barisal        -15 1460.178962
 2015     10    Barisal        -15  384.955022
 2015     11    Barisal        -16 1441.200524
 2015     11    Barisal        -16  406.163928
 2015     12    Barisal        -17 1391.805606
 2015     12    Barisal        -17  362.682226
 2016      1    Barisal        -17  853.449302
 2016      1    Barisal        -17  138.449759
 2016      2    Barisal        -16 1363.677805
 2016      2    Barisal        -16  364.359282
 2016      3    Barisal        -16 1408.772373
 2016      3    Barisal        -16  365.484893
 2016      4    Barisal        -15 1431.356221
 2016      4    Barisal        -15  377.408997
 2016      5    Barisal        -14 2376.507951
 2016      5    Barisal        -14  513.439811
 2016      6    Barisal        -13 2375.184821
 2016      6    Barisal        -13  638.041026
 2016      7    Barisal        -13 2665.844884
 2016      7    Barisal        -13  677.023971
 2016      8    Barisal        -13 2879.312177
 2016      8    Barisal        -13  738.850967
 2016      9    Barisal        -14 2152.081121
 2016      9    Barisal        -14  486.376388
 2016     10    Barisal        -15 1537.574237
 2016     10    Barisal        -15  435.317086
 2016     11    Barisal        -16 1469.102752
 2016     11    Barisal        -16  384.686275
 2016     12    Barisal        -17 1412.501570
 2016     12    Barisal        -17  395.036431
 2017      1    Barisal        -17 1396.515730
 2017      1    Barisal        -17  359.518612
 2017      2    Barisal        -16 1416.072451
 2017      2    Barisal        -16  380.437153
 2017      3    Barisal        -16 1419.917657
 2017      3    Barisal        -16  366.926838
 2017      4    Barisal        -15 1550.043284
 2017      4    Barisal        -15  412.295514
 2017      5    Barisal        -14 1533.602206
 2017      5    Barisal        -14  393.925633
 2017      6    Barisal        -13 1973.338646
 2017      6    Barisal        -13  498.094008
 2017      7    Barisal        -13 2123.783016
 2017      7    Barisal        -13  447.663914
 2017      8    Barisal        -13 3093.324154
 2017      8    Barisal        -13  714.739171
 2017      9    Barisal        -14 1665.989378
 2017      9    Barisal        -14  434.603908
 2017     10    Barisal        -15 1626.476541
 2017     10    Barisal        -15  432.426659
 2017     11    Barisal        -16 1464.462547
 2017     11    Barisal        -16  399.027449
 2017     12    Barisal        -17 1429.530206
 2017     12    Barisal        -17  380.427507
 2018      1    Barisal        -17 1381.317610
 2018      1    Barisal        -17  365.538797
 2018      2    Barisal        -16 1460.487506
 2018      2    Barisal        -16  374.614978
 2018      3    Barisal        -16 1422.696095
 2018      3    Barisal        -16  381.634486
 2018      4    Barisal        -15 1479.572791
 2018      4    Barisal        -15  382.178391
 2018      5    Barisal        -14 1540.086431
 2018      5    Barisal        -14  412.281569
 2018      6    Barisal        -13 1896.778918
 2018      6    Barisal        -13  447.745864
 2018      7    Barisal        -13 2237.953701
 2018      7    Barisal        -13  626.915580
 2018      8    Barisal        -13 2476.188742
 2018      8    Barisal        -13  515.308791
 2018      9    Barisal        -14 2064.583940
 2018      9    Barisal        -14  517.284612
 2018     10    Barisal        -15 1505.682005
 2018     10    Barisal        -15  399.359138
 2018     11    Barisal        -16 1481.439921
 2018     11    Barisal        -16  417.896786
 2018     12    Barisal        -17 1389.394915
 2018     12    Barisal        -17  356.214790
 2019      1    Barisal        -17 1421.906950
 2019      1    Barisal        -17  386.644136
 2019      2    Barisal        -16 1374.542877
 2019      2    Barisal        -16  354.874508
 2019      3    Barisal        -16 1464.797343
 2019      3    Barisal        -16  389.662148
 2019      4    Barisal        -15 1424.041286
 2019      4    Barisal        -15  371.262461
 2019      5    Barisal        -14 1672.935113
 2019      5    Barisal        -14  452.878637
 2019      6    Barisal        -13 1548.360541
 2019      6    Barisal        -13  406.547041
 2019      7    Barisal        -13 2606.120317
 2019      7    Barisal        -13  563.845408
 2019      8    Barisal        -13 2245.355303
 2019      8    Barisal        -13  495.014147
 2019      9    Barisal        -14 1919.907927
 2019      9    Barisal        -14  445.894908
 2019     10    Barisal        -15 1507.710274
 2019     10    Barisal        -15  421.470660
 2019     11    Barisal        -16 1474.923413
 2019     11    Barisal        -16  393.038932
 2019     12    Barisal        -17 1388.588226
 2019     12    Barisal        -17  373.914321
 2020      1    Barisal        -17 1409.405164
 2020      1    Barisal        -17  356.384991
 2020      2    Barisal        -16 1419.402068
 2020      2    Barisal        -16  381.304487
 2020      3    Barisal        -16 1424.989252
 2020      3    Barisal        -16  359.080232
 2020      4    Barisal        -15 1487.232929
 2020      4    Barisal        -15  407.735269
 2020      5    Barisal        -14 1517.716904
 2020      5    Barisal        -14  388.025519
 2020      6    Barisal        -13 2225.895972
 2020      6    Barisal        -13  540.035488
 2020      7    Barisal        -13 2127.845409
 2020      7    Barisal        -13  565.897297
 2020      8    Barisal        -13 3314.910005
 2020      8    Barisal        -13  809.381815
 2020      9    Barisal        -14 1917.409351
 2020      9    Barisal        -14  459.123536
 2020     10    Barisal        -15 1627.289068
 2020     10    Barisal        -15  473.500559
 2020     11    Barisal        -16 1473.147113
 2020     11    Barisal        -16  400.180793
 2020     12    Barisal        -17 1472.293264
 2020     12    Barisal        -17  401.460765
 2021      1    Barisal        -17 1421.406441
 2021      1    Barisal        -17  365.671759
 2021      2    Barisal        -16 1490.651739
 2021      2    Barisal        -16  394.279130
 2021      3    Barisal        -16 1436.541303
 2021      3    Barisal        -16  375.788806
 2021      4    Barisal        -15 1539.274120
 2021      4    Barisal        -15  405.488407
 2021      5    Barisal        -14 1511.167061
 2021      5    Barisal        -14  398.224169
 2021      6    Barisal        -13 2095.776493
 2021      6    Barisal        -13  493.072137
 2021      7    Barisal        -13 2137.084760
 2021      7    Barisal        -13  591.184598
 2021      8    Barisal        -13 2518.296245
 2021      8    Barisal        -13  551.609799
 2021      9    Barisal        -14 1982.711524
 2021      9    Barisal        -14  530.783780
 2021     10    Barisal        -15 1589.411376
 2021     10    Barisal        -15  434.481095
 2021     11    Barisal        -16 1525.361381
 2021     11    Barisal        -16  430.981449
 2021     12    Barisal        -17 1468.291390
 2021     12    Barisal        -17  391.880000
 2022      1    Barisal        -17 1434.090612
 2022      1    Barisal        -17  384.702000
 2022      2    Barisal        -16 1454.215568
 2022      2    Barisal        -16  373.658051
 2022      3    Barisal        -16 1477.006894
 2022      3    Barisal        -16  399.666720
 2022      4    Barisal        -15 1499.917797
 2022      4    Barisal        -15  382.950930
 2022      5    Barisal        -14 1660.184931
 2022      5    Barisal        -14  455.479408
 2022      6    Barisal        -13 1718.714942
 2022      6    Barisal        -13  460.787909
 2022      7    Barisal        -13 2118.628110
 2022      7    Barisal        -13  534.381840
 2022      8    Barisal        -13 2558.018550
 2022      8    Barisal        -13  560.111138
 2022      9    Barisal        -14 2129.532450
 2022      9    Barisal        -14  500.858726
 2022     10    Barisal        -15 1569.377374
 2022     10    Barisal        -15  448.418138
 2022     11    Barisal        -16 1528.230651
 2022     11    Barisal        -16  432.214048
 2022     12    Barisal        -17 1439.050424
 2022     12    Barisal        -17  391.728570
 2023      1    Barisal        -17 1466.468082
 2023      1    Barisal        -17  385.951358
 2023      2    Barisal        -16 1440.555442
 2023      2    Barisal        -16  383.089588
 2023      3    Barisal        -16 1479.381977
 2023      3    Barisal        -16  384.233896
 2023      4    Barisal        -15 1474.169052
 2023      4    Barisal        -15  401.427553
 2023      5    Barisal        -14 1519.306042
 2023      5    Barisal        -14  392.022746
 2023      6    Barisal        -13 1661.520343
 2023      6    Barisal        -13  445.702203
 2023      7    Barisal        -13 1875.054954
 2023      7    Barisal        -13  462.246516
 2023      8    Barisal        -13 2467.591378
 2023      8    Barisal        -13  597.843758
 2023      9    Barisal        -14 1968.209404
 2023      9    Barisal        -14  443.897899
 2023     10    Barisal        -15 1548.224308
 2023     10    Barisal        -15  451.021656
 2023     11    Barisal        -16 1457.391690
 2023     11    Barisal        -16  397.664631
 2023     12    Barisal        -17 1428.082737
 2023     12    Barisal        -17  400.207837
 2024      1    Barisal        -17 1398.559186
 2024      1    Barisal        -17  358.867754
 2024      2    Barisal        -16 1459.766327
 2024      2    Barisal        -16  394.167759
 2024      3    Barisal        -16 1406.619599
 2024      3    Barisal        -16  366.676537
 2024      4    Barisal        -15 1465.982323
 2024      4    Barisal        -15  386.941933
 2024      5    Barisal        -14 1491.022386
 2024      5    Barisal        -14  388.698997
 2024      6    Barisal        -13 1854.343399
 2024      6    Barisal        -13  513.628657
 2024      7    Barisal        -13 2067.201982
 2024      7    Barisal        -13  523.077398
 2024      8    Barisal        -13 2755.289375
 2024      8    Barisal        -13  643.797966
 2024      9    Barisal        -14 2100.942841
 2024      9    Barisal        -14  542.013491
 2024     10    Barisal        -15 1647.762475
 2024     10    Barisal        -15  459.254891
 2024     11    Barisal        -16 1493.026430
 2024     11    Barisal        -16  426.987067
 2024     12    Barisal        -17 1473.138186
 2024     12    Barisal        -17  401.991012
 2025      1    Barisal        -17 1389.237133
 2025      1    Barisal        -17  378.174537
 2025      2    Barisal        -16 1459.552679
 2025      2    Barisal        -16  377.920874
 2025      3    Barisal        -16 1458.991532
 2025      3    Barisal        -16  403.710581
 2025      4    Barisal        -15 1503.662602
 2025      4    Barisal        -15  393.242996
 2025      5    Barisal        -14 1551.123170
 2025      5    Barisal        -14  430.581019
 2025      6    Barisal        -13 2071.910874
 2025      6    Barisal        -13  478.785975
 2025      7    Barisal        -13 2410.896654
 2025      7    Barisal        -13  675.911654
 2025      8    Barisal        -13 2343.639826
 2025      8    Barisal        -13  533.850998
 2025      9    Barisal        -14 2338.030501
 2025      9    Barisal        -14  653.287477
 2025     10    Barisal        -15 1567.996516
 2025     10    Barisal        -15  446.152946
 2025     11    Barisal        -16 1542.815098
 2025     11    Barisal        -16  446.939947
 2025     12    Barisal        -17 1427.524171
 2025     12    Barisal        -17  386.893445
 2015      1 Chittagong        -17  976.829800
 2015      1 Chittagong        -17   75.226782
 2015      2 Chittagong        -16 1043.997962
 2015      2 Chittagong        -16   89.196425
 2015      3 Chittagong        -16  949.272588
 2015      3 Chittagong        -16   77.042076
 2015      4 Chittagong        -15  945.849945
 2015      4 Chittagong        -15   73.090742
 2015      5 Chittagong        -14 1110.944028
 2015      5 Chittagong        -14   87.427868
 2015      6 Chittagong        -13 2413.509626
 2015      6 Chittagong        -13  163.398542
 2015      7 Chittagong        -13 2442.903997
 2015      7 Chittagong        -13  157.333614
 2015      8 Chittagong        -13 2650.214039
 2015      8 Chittagong        -13  197.664837
 2015      9 Chittagong        -14 2310.966404
 2015      9 Chittagong        -14  121.439260
 2015     10 Chittagong        -15 1580.648030
 2015     10 Chittagong        -15  108.494975
 2015     11 Chittagong        -16 1187.637007
 2015     11 Chittagong        -16   79.987119
 2015     12 Chittagong        -17 1093.182018
 2015     12 Chittagong        -17   85.695669
 2016      1 Chittagong        -17  906.693926
 2016      1 Chittagong        -17   71.061294
 2016      2 Chittagong        -16 1055.447498
 2016      2 Chittagong        -16   81.114050
 2016      3 Chittagong        -16  946.223865
 2016      3 Chittagong        -16   72.614762
 2016      4 Chittagong        -15 1095.844565
 2016      4 Chittagong        -15   91.861362
 2016      5 Chittagong        -14 1457.557978
 2016      5 Chittagong        -14  108.538149
 2016      6 Chittagong        -13 2085.922542
 2016      6 Chittagong        -13  154.885936
 2016      7 Chittagong        -13 3019.879388
 2016      7 Chittagong        -13  211.946072
 2016      8 Chittagong        -13 2982.207816
 2016      8 Chittagong        -13  309.594357
 2016      9 Chittagong        -14 2094.174086
 2016      9 Chittagong        -14  127.098488
 2016     10 Chittagong        -15 1775.486041
 2016     10 Chittagong        -15  103.421042
 2016     11 Chittagong        -16 1404.938923
 2016     11 Chittagong        -16   87.075644
 2016     12 Chittagong        -17 1116.873550
 2016     12 Chittagong        -17   76.618837
 2017      1 Chittagong        -17 1067.313450
 2017      1 Chittagong        -17   80.585889
 2017      2 Chittagong        -16 1058.219523
 2017      2 Chittagong        -16   80.658328
 2017      3 Chittagong        -16 1047.127600
 2017      3 Chittagong        -16   86.971623
 2017      4 Chittagong        -15 1108.776330
 2017      4 Chittagong        -15   94.832070
 2017      5 Chittagong        -14 1415.495281
 2017      5 Chittagong        -14  110.902911
 2017      6 Chittagong        -13 2029.526508
 2017      6 Chittagong        -13  173.057194
 2017      7 Chittagong        -13 2914.629541
 2017      7 Chittagong        -13  239.613773
 2017      8 Chittagong        -13 3018.627873
 2017      8 Chittagong        -13  174.738569
 2017      9 Chittagong        -14 3004.562018
 2017      9 Chittagong        -14  467.462053
 2017     10 Chittagong        -15 1917.160288
 2017     10 Chittagong        -15   93.893533
 2017     11 Chittagong        -16 1450.410088
 2017     11 Chittagong        -16   89.700481
 2017     12 Chittagong        -17 1173.258815
 2017     12 Chittagong        -17   75.773919
 2018      1 Chittagong        -17 1091.996337
 2018      1 Chittagong        -17   76.787630
 2018      2 Chittagong        -16 1130.055037
 2018      2 Chittagong        -16   82.641968
 2018      3 Chittagong        -16 1073.979606
 2018      3 Chittagong        -16   81.490107
 2018      4 Chittagong        -15 1083.876380
 2018      4 Chittagong        -15   81.194923
 2018      5 Chittagong        -14 1417.850211
 2018      5 Chittagong        -14  100.728335
 2018      6 Chittagong        -13 2270.002425
 2018      6 Chittagong        -13  158.571133
 2018      7 Chittagong        -13 2564.820189
 2018      7 Chittagong        -13  167.701604
 2018      8 Chittagong        -13 2569.123394
 2018      8 Chittagong        -13  216.547297
 2018      9 Chittagong        -14 2036.660641
 2018      9 Chittagong        -14  112.526024
 2018     10 Chittagong        -15 1638.333721
 2018     10 Chittagong        -15  103.780784
 2018     11 Chittagong        -16 1288.766117
 2018     11 Chittagong        -16   81.862763
 2018     12 Chittagong        -17 1112.504006
 2018     12 Chittagong        -17   78.991745
 2019      1 Chittagong        -17 1069.471975
 2019      1 Chittagong        -17   72.360093
 2019      2 Chittagong        -16 1092.007523
 2019      2 Chittagong        -16   86.460334
 2019      3 Chittagong        -16 1071.588004
 2019      3 Chittagong        -16   81.903861
 2019      4 Chittagong        -15 1125.605654
 2019      4 Chittagong        -15   95.167431
 2019      5 Chittagong        -14 1297.513269
 2019      5 Chittagong        -14   99.134297
 2019      6 Chittagong        -13 1660.650524
 2019      6 Chittagong        -13  130.862768
 2019      7 Chittagong        -13 3064.548315
 2019      7 Chittagong        -13  216.777215
 2019      8 Chittagong        -13 2797.773411
 2019      8 Chittagong        -13  189.234909
 2019      9 Chittagong        -14 2038.369348
 2019      9 Chittagong        -14  139.349115
 2019     10 Chittagong        -15 1736.360362
 2019     10 Chittagong        -15  101.012349
 2019     11 Chittagong        -16 1390.782017
 2019     11 Chittagong        -16   88.739383
 2019     12 Chittagong        -17 1096.333617
 2019     12 Chittagong        -17   76.148677
 2020      1 Chittagong        -17 1069.938525
 2020      1 Chittagong        -17   75.649703
 2020      2 Chittagong        -16 1081.144228
 2020      2 Chittagong        -16   81.399078
 2020      3 Chittagong        -16 1064.947686
 2020      3 Chittagong        -16   84.565636
 2020      4 Chittagong        -15 1081.795206
 2020      4 Chittagong        -15   87.667395
 2020      5 Chittagong        -14 1285.706843
 2020      5 Chittagong        -14  115.236054
 2020      6 Chittagong        -13 2218.521137
 2020      6 Chittagong        -13  149.964321
 2020      7 Chittagong        -13 2994.488041
 2020      7 Chittagong        -13  201.886247
 2020      8 Chittagong        -13 2816.340590
 2020      8 Chittagong        -13  195.040652
 2020      9 Chittagong        -14 2091.697240
 2020      9 Chittagong        -14  134.445737
 2020     10 Chittagong        -15 1904.240399
 2020     10 Chittagong        -15  105.782767
 2020     11 Chittagong        -16 1466.458686
 2020     11 Chittagong        -16   92.556428
 2020     12 Chittagong        -17 1174.877852
 2020     12 Chittagong        -17   76.762787
 2021      1 Chittagong        -17 1113.813498
 2021      1 Chittagong        -17   81.601860
 2021      2 Chittagong        -16 1139.272130
 2021      2 Chittagong        -16   87.259595
 2021      3 Chittagong        -16 1093.551363
 2021      3 Chittagong        -16   84.388724
 2021      4 Chittagong        -15 1162.087128
 2021      4 Chittagong        -15  101.107043
 2021      5 Chittagong        -14 1216.431231
 2021      5 Chittagong        -14  109.102453
 2021      6 Chittagong        -13 1865.300997
 2021      6 Chittagong        -13  163.703409
 2021      7 Chittagong        -13 2354.127551
 2021      7 Chittagong        -13  201.583692
 2021      8 Chittagong        -13 2853.809782
 2021      8 Chittagong        -13  287.205426
 2021      9 Chittagong        -14 2042.587004
 2021      9 Chittagong        -14  127.445189
 2021     10 Chittagong        -15 1710.176827
 2021     10 Chittagong        -15  112.094603
 2021     11 Chittagong        -16 1391.379544
 2021     11 Chittagong        -16   85.499631
 2021     12 Chittagong        -17 1175.749784
 2021     12 Chittagong        -17   77.663811
 2022      1 Chittagong        -17 1102.472253
 2022      1 Chittagong        -17   77.996069
 2022      2 Chittagong        -16 1133.751829
 2022      2 Chittagong        -16   86.146351
 2022      3 Chittagong        -16 1100.824300
 2022      3 Chittagong        -16   81.391356
 2022      4 Chittagong        -15 1157.708836
 2022      4 Chittagong        -15   93.548843
 2022      5 Chittagong        -14 1374.338000
 2022      5 Chittagong        -14  111.775437
 2022      6 Chittagong        -13 2429.112460
 2022      6 Chittagong        -13  142.365087
 2022      7 Chittagong        -13 2441.903868
 2022      7 Chittagong        -13  157.083928
 2022      8 Chittagong        -13 2325.987830
 2022      8 Chittagong        -13  161.942764
 2022      9 Chittagong        -14 1959.903392
 2022      9 Chittagong        -14  122.781590
 2022     10 Chittagong        -15 1731.876698
 2022     10 Chittagong        -15  105.688745
 2022     11 Chittagong        -16 1302.216337
 2022     11 Chittagong        -16   82.263068
 2022     12 Chittagong        -17 1109.141095
 2022     12 Chittagong        -17   74.990798
 2023      1 Chittagong        -17 1050.866727
 2023      1 Chittagong        -17   74.242014
 2023      2 Chittagong        -16 1068.208810
 2023      2 Chittagong        -16   84.314659
 2023      3 Chittagong        -16 1042.849343
 2023      3 Chittagong        -16   79.283126
 2023      4 Chittagong        -15 1093.957584
 2023      4 Chittagong        -15   87.180975
 2023      5 Chittagong        -14 1182.942925
 2023      5 Chittagong        -14   96.222340
 2023      6 Chittagong        -13 1554.403754
 2023      6 Chittagong        -13  127.616378
 2023      7 Chittagong        -13 2053.349135
 2023      7 Chittagong        -13  123.955280
 2023      8 Chittagong        -13 2640.442949
 2023      8 Chittagong        -13  254.262381
 2023      9 Chittagong        -14 1999.149416
 2023      9 Chittagong        -14  122.114100
 2023     10 Chittagong        -15 1723.428223
 2023     10 Chittagong        -15   96.678037
 2023     11 Chittagong        -16 1298.620778
 2023     11 Chittagong        -16   82.567214
 2023     12 Chittagong        -17 1132.926336
 2023     12 Chittagong        -17   72.204205
 2024      1 Chittagong        -17 1066.563143
 2024      1 Chittagong        -17   76.052229
 2024      2 Chittagong        -16 1082.135714
 2024      2 Chittagong        -16   79.314864
 2024      3 Chittagong        -16 1055.127151
 2024      3 Chittagong        -16   82.199284
 2024      4 Chittagong        -15 1114.538322
 2024      4 Chittagong        -15   80.983439
 2024      5 Chittagong        -14 1183.563524
 2024      5 Chittagong        -14   98.392594
 2024      6 Chittagong        -13 2004.171593
 2024      6 Chittagong        -13  133.981077
 2024      7 Chittagong        -13 2725.939175
 2024      7 Chittagong        -13  187.027486
 2024      8 Chittagong        -13 3219.564713
 2024      8 Chittagong        -13  227.052789
 2024      9 Chittagong        -14 2503.319557
 2024      9 Chittagong        -14  130.827122
 2024     10 Chittagong        -15 1887.988132
 2024     10 Chittagong        -15   96.119150
 2024     11 Chittagong        -16 1405.139194
 2024     11 Chittagong        -16   85.038111
 2024     12 Chittagong        -17 1172.540283
 2024     12 Chittagong        -17   74.496320
 2025      1 Chittagong        -17 1090.723030
 2025      1 Chittagong        -17   73.399121
 2025      2 Chittagong        -16 1133.400214
 2025      2 Chittagong        -16   80.926200
 2025      3 Chittagong        -16 1115.730663
 2025      3 Chittagong        -16   80.298488
 2025      4 Chittagong        -15 1160.058855
 2025      4 Chittagong        -15   84.330709
 2025      5 Chittagong        -14 1264.567764
 2025      5 Chittagong        -14   95.891785
 2025      6 Chittagong        -13 2435.637955
 2025      6 Chittagong        -13  156.992906
 2025      7 Chittagong        -13 2441.000648
 2025      7 Chittagong        -13  168.161914
 2025      8 Chittagong        -13 2574.007479
 2025      8 Chittagong        -13  195.966445
 2025      9 Chittagong        -14 2008.176497
 2025      9 Chittagong        -14  107.937215
 2025     10 Chittagong        -15 1749.562940
 2025     10 Chittagong        -15   99.379559
 2025     11 Chittagong        -16 1427.976508
 2025     11 Chittagong        -16   79.367845
 2025     12 Chittagong        -17 1185.827166
 2025     12 Chittagong        -17   77.519326
 2015      1      Dhaka        -17  945.550272
 2015      1      Dhaka        -17   48.639499
 2015      2      Dhaka        -16  995.830215
 2015      2      Dhaka        -16   55.002171
 2015      3      Dhaka        -16 1002.312001
 2015      3      Dhaka        -16   49.517434
 2015      4      Dhaka        -15  957.618713
 2015      4      Dhaka        -15   48.356779
 2015      5      Dhaka        -14 1603.392937
 2015      5      Dhaka        -14   56.183689
 2015      6      Dhaka        -13 4991.808847
 2015      6      Dhaka        -13  155.404294
 2015      7      Dhaka        -13 4880.980495
 2015      7      Dhaka        -13  134.582991
 2015      8      Dhaka        -13 5323.028158
 2015      8      Dhaka        -13  143.965278
 2015      9      Dhaka        -14 4935.609755
 2015      9      Dhaka        -14  139.299711
 2015     10      Dhaka        -15 2865.549879
 2015     10      Dhaka        -15  102.538429
 2015     11      Dhaka        -16 1605.079859
 2015     11      Dhaka        -16   69.441490
 2015     12      Dhaka        -17 1206.046052
 2015     12      Dhaka        -17   54.449492
 2016      1      Dhaka        -17  167.447144
 2016      1      Dhaka        -17    0.000000
 2016      2      Dhaka        -16 1016.576887
 2016      2      Dhaka        -16   48.600924
 2016      3      Dhaka        -16 1016.997919
 2016      3      Dhaka        -16   49.139650
 2016      4      Dhaka        -15 1306.592345
 2016      4      Dhaka        -15   61.682209
 2016      5      Dhaka        -14 2718.783076
 2016      5      Dhaka        -14   80.782140
 2016      6      Dhaka        -13 3748.385695
 2016      6      Dhaka        -13  114.865628
 2016      7      Dhaka        -13 6836.296388
 2016      7      Dhaka        -13  181.158911
 2016      8      Dhaka        -13 5798.160098
 2016      8      Dhaka        -13  189.169842
 2016      9      Dhaka        -14 4189.000901
 2016      9      Dhaka        -14  135.398335
 2016     10      Dhaka        -15 3322.798106
 2016     10      Dhaka        -15  115.932341
 2016     11      Dhaka        -16 2235.036244
 2016     11      Dhaka        -16   85.413942
 2016     12      Dhaka        -17 1359.409284
 2016     12      Dhaka        -17   64.236630
 2017      1      Dhaka        -17 1042.664916
 2017      1      Dhaka        -17   51.467933
 2017      2      Dhaka        -16 1046.457517
 2017      2      Dhaka        -16   52.481007
 2017      3      Dhaka        -16 1006.220928
 2017      3      Dhaka        -16   51.630684
 2017      4      Dhaka        -15 2006.585220
 2017      4      Dhaka        -15   63.644972
 2017      5      Dhaka        -14 2750.329231
 2017      5      Dhaka        -14   76.551217
 2017      6      Dhaka        -13 3578.728645
 2017      6      Dhaka        -13   94.918679
 2017      7      Dhaka        -13 5242.297710
 2017      7      Dhaka        -13  140.713132
 2017      8      Dhaka        -13 7052.263453
 2017      8      Dhaka        -13  170.251664
 2017      9      Dhaka        -14 4541.093596
 2017      9      Dhaka        -14  139.709663
 2017     10      Dhaka        -15 3621.268014
 2017     10      Dhaka        -15  114.862078
 2017     11      Dhaka        -16 2414.364653
 2017     11      Dhaka        -16   84.338495
 2017     12      Dhaka        -17 1419.455682
 2017     12      Dhaka        -17   60.589263
 2018      1      Dhaka        -17 1097.617465
 2018      1      Dhaka        -17   50.140278
 2018      2      Dhaka        -16 1091.134005
 2018      2      Dhaka        -16   54.896471
 2018      3      Dhaka        -16 1059.048984
 2018      3      Dhaka        -16   55.575100
 2018      4      Dhaka        -15 1119.638514
 2018      4      Dhaka        -15   59.436345
 2018      5      Dhaka        -14 1848.827972
 2018      5      Dhaka        -14   68.365021
 2018      6      Dhaka        -13 3308.478427
 2018      6      Dhaka        -13   95.405353
 2018      7      Dhaka        -13 4288.658145
 2018      7      Dhaka        -13  115.398464
 2018      8      Dhaka        -13 4264.484681
 2018      8      Dhaka        -13  124.083398
 2018      9      Dhaka        -14 3739.176458
 2018      9      Dhaka        -14  116.580734
 2018     10      Dhaka        -15 2501.985729
 2018     10      Dhaka        -15   89.680157
 2018     11      Dhaka        -16 1594.972666
 2018     11      Dhaka        -16   66.871323
 2018     12      Dhaka        -17 1080.262771
 2018     12      Dhaka        -17   52.890541
 2019      1      Dhaka        -17  993.731313
 2019      1      Dhaka        -17   51.783899
 2019      2      Dhaka        -16 1006.381800
 2019      2      Dhaka        -16   56.553077
 2019      3      Dhaka        -16 1007.315283
 2019      3      Dhaka        -16   57.159537
 2019      4      Dhaka        -15 1034.135041
 2019      4      Dhaka        -15   58.053458
 2019      5      Dhaka        -14 1564.735631
 2019      5      Dhaka        -14   73.085158
 2019      6      Dhaka        -13 2682.807408
 2019      6      Dhaka        -13   81.213031
 2019      7      Dhaka        -13 6456.838093
 2019      7      Dhaka        -13  144.952667
 2019      8      Dhaka        -13 4952.715440
 2019      8      Dhaka        -13  144.033964
 2019      9      Dhaka        -14 3698.709507
 2019      9      Dhaka        -14  117.610680
 2019     10      Dhaka        -15 3220.189269
 2019     10      Dhaka        -15  104.609229
 2019     11      Dhaka        -16 2060.228969
 2019     11      Dhaka        -16   74.266974
 2019     12      Dhaka        -17 1218.059764
 2019     12      Dhaka        -17   57.607992
 2020      1      Dhaka        -17  996.223755
 2020      1      Dhaka        -17   52.960676
 2020      2      Dhaka        -16 1067.618084
 2020      2      Dhaka        -16   58.194137
 2020      3      Dhaka        -16 1047.288201
 2020      3      Dhaka        -16   56.744844
 2020      4      Dhaka        -15 1156.174674
 2020      4      Dhaka        -15   63.794369
 2020      5      Dhaka        -14 1337.694625
 2020      5      Dhaka        -14   62.571576
 2020      6      Dhaka        -13 4044.980648
 2020      6      Dhaka        -13   96.545155
 2020      7      Dhaka        -13 7887.407678
 2020      7      Dhaka        -13  191.870472
 2020      8      Dhaka        -13 7359.311406
 2020      8      Dhaka        -13  277.850552
 2020      9      Dhaka        -14 5228.976273
 2020      9      Dhaka        -14  174.856470
 2020     10      Dhaka        -15 3756.469039
 2020     10      Dhaka        -15  125.123863
 2020     11      Dhaka        -16 2278.032276
 2020     11      Dhaka        -16   81.407504
 2020     12      Dhaka        -17 1324.974428
 2020     12      Dhaka        -17   63.780538
 2021      1      Dhaka        -17 1082.554577
 2021      1      Dhaka        -17   57.043824
 2021      2      Dhaka        -16 1132.567579
 2021      2      Dhaka        -16   61.090872
 2021      3      Dhaka        -16 1147.197373
 2021      3      Dhaka        -16   58.127815
 2021      4      Dhaka        -15 1293.896532
 2021      4      Dhaka        -15   66.455897
 2021      5      Dhaka        -14 1320.092418
 2021      5      Dhaka        -14   69.466009
 2021      6      Dhaka        -13 3037.655915
 2021      6      Dhaka        -13  104.056665
 2021      7      Dhaka        -13 5127.657517
 2021      7      Dhaka        -13  117.225542
 2021      8      Dhaka        -13 5252.174405
 2021      8      Dhaka        -13  126.772866
 2021      9      Dhaka        -14 4054.700265
 2021      9      Dhaka        -14  133.570623
 2021     10      Dhaka        -15 2869.697212
 2021     10      Dhaka        -15  104.018509
 2021     11      Dhaka        -16 1779.969253
 2021     11      Dhaka        -16   75.039705
 2021     12      Dhaka        -17 1225.891846
 2021     12      Dhaka        -17   59.232291
 2022      1      Dhaka        -17 1021.524797
 2022      1      Dhaka        -17   53.748831
 2022      2      Dhaka        -16 1026.993521
 2022      2      Dhaka        -16   55.462231
 2022      3      Dhaka        -16 1072.335581
 2022      3      Dhaka        -16   57.886601
 2022      4      Dhaka        -15 1286.084728
 2022      4      Dhaka        -15   67.479193
 2022      5      Dhaka        -14 2015.961123
 2022      5      Dhaka        -14   79.297765
 2022      6      Dhaka        -13 5516.665880
 2022      6      Dhaka        -13  120.472258
 2022      7      Dhaka        -13 4736.862187
 2022      7      Dhaka        -13  133.747050
 2022      8      Dhaka        -13 4280.868873
 2022      8      Dhaka        -13  129.605117
 2022      9      Dhaka        -14 3761.112604
 2022      9      Dhaka        -14  110.188194
 2022     10      Dhaka        -15 3274.027110
 2022     10      Dhaka        -15  102.079520
 2022     11      Dhaka        -16 2064.050409
 2022     11      Dhaka        -16   80.720375
 2022     12      Dhaka        -17 1276.867657
 2022     12      Dhaka        -17   60.600235
 2023      1      Dhaka        -17 1021.396100
 2023      1      Dhaka        -17   55.158330
 2023      2      Dhaka        -16 1066.750793
 2023      2      Dhaka        -16   58.652073
 2023      3      Dhaka        -16 1041.379386
 2023      3      Dhaka        -16   56.864850
 2023      4      Dhaka        -15 1164.440174
 2023      4      Dhaka        -15   62.149177
 2023      5      Dhaka        -14 1246.861369
 2023      5      Dhaka        -14   65.258763
 2023      6      Dhaka        -13 2035.149782
 2023      6      Dhaka        -13   84.498612
 2023      7      Dhaka        -13 4543.842532
 2023      7      Dhaka        -13  125.483252
 2023      8      Dhaka        -13 4678.083849
 2023      8      Dhaka        -13  114.986550
 2023      9      Dhaka        -14 3491.031979
 2023      9      Dhaka        -14  107.468724
 2023     10      Dhaka        -15 3089.385734
 2023     10      Dhaka        -15   96.380616
 2023     11      Dhaka        -16 1816.531341
 2023     11      Dhaka        -16   69.525892
 2023     12      Dhaka        -17 1265.761418
 2023     12      Dhaka        -17   57.174288
 2024      1      Dhaka        -17 1003.130041
 2024      1      Dhaka        -17   51.305124
 2024      2      Dhaka        -16 1039.798350
 2024      2      Dhaka        -16   54.553021
 2024      3      Dhaka        -16 1002.149391
 2024      3      Dhaka        -16   52.254507
 2024      4      Dhaka        -15 1157.630882
 2024      4      Dhaka        -15   58.295492
 2024      5      Dhaka        -14 1286.085889
 2024      5      Dhaka        -14   65.130803
 2024      6      Dhaka        -13 4208.690189
 2024      6      Dhaka        -13   96.695943
 2024      7      Dhaka        -13 5659.579740
 2024      7      Dhaka        -13  136.534315
 2024      8      Dhaka        -13 5644.618189
 2024      8      Dhaka        -13  126.441173
 2024      9      Dhaka        -14 3524.653362
 2024      9      Dhaka        -14  102.168401
 2024     10      Dhaka        -15 3635.741787
 2024     10      Dhaka        -15   94.113705
 2024     11      Dhaka        -16 1942.452361
 2024     11      Dhaka        -16   69.769286
 2024     12      Dhaka        -17 1230.839408
 2024     12      Dhaka        -17   55.833871
 2025      1      Dhaka        -17 1003.848247
 2025      1      Dhaka        -17   49.376100
 2025      2      Dhaka        -16 1042.314587
 2025      2      Dhaka        -16   51.214618
 2025      3      Dhaka        -16 1066.183434
 2025      3      Dhaka        -16   50.775247
 2025      4      Dhaka        -15 1125.271905
 2025      4      Dhaka        -15   53.957838
 2025      5      Dhaka        -14 1357.013778
 2025      5      Dhaka        -14   60.873107
 2025      6      Dhaka        -13 4298.346670
 2025      6      Dhaka        -13   94.824026
 2025      7      Dhaka        -13 3662.309412
 2025      7      Dhaka        -13   96.281627
 2025      8      Dhaka        -13 4759.399669
 2025      8      Dhaka        -13  108.566612
 2025      9      Dhaka        -14 3585.388794
 2025      9      Dhaka        -14  100.018006
 2025     10      Dhaka        -15 2838.400194
 2025     10      Dhaka        -15   85.864929
 2025     11      Dhaka        -16 1852.761811
 2025     11      Dhaka        -16   69.948798
 2025     12      Dhaka        -17 1164.348460
 2025     12      Dhaka        -17   54.263796
 2015      1     Khulna        -17  499.670753
 2015      1     Khulna        -17  101.632463
 2015      2     Khulna        -16  789.194050
 2015      2     Khulna        -16  206.020652
 2015      3     Khulna        -16  942.626118
 2015      3     Khulna        -16  271.282817
 2015      4     Khulna        -15 1012.034563
 2015      4     Khulna        -15  281.029405
 2015      5     Khulna        -14 1299.439002
 2015      5     Khulna        -14  328.455562
 2015      6     Khulna        -13 2045.297334
 2015      6     Khulna        -13  449.809005
 2015      7     Khulna        -13 2667.553211
 2015      7     Khulna        -13  634.085141
 2015      8     Khulna        -13 2899.697528
 2015      8     Khulna        -13  624.085620
 2015      9     Khulna        -14 2005.637494
 2015      9     Khulna        -14  412.365434
 2015     10     Khulna        -15 1533.990181
 2015     10     Khulna        -15  320.673817
 2015     11     Khulna        -16 1398.407229
 2015     11     Khulna        -16  311.196549
 2015     12     Khulna        -17  485.662069
 2015     12     Khulna        -17  122.197138
 2016      1     Khulna        -17    0.000000
 2016      1     Khulna        -17    0.000000
 2016      2     Khulna        -16  773.598263
 2016      2     Khulna        -16  183.664803
 2016      3     Khulna        -16 1034.033139
 2016      3     Khulna        -16  283.708955
 2016      4     Khulna        -15 1305.356741
 2016      4     Khulna        -15  340.057622
 2016      5     Khulna        -14 1842.913492
 2016      5     Khulna        -14  453.523061
 2016      6     Khulna        -13 2465.377174
 2016      6     Khulna        -13  620.687975
 2016      7     Khulna        -13 3285.572928
 2016      7     Khulna        -13  760.351644
 2016      8     Khulna        -13 3833.975845
 2016      8     Khulna        -13  810.343950
 2016      9     Khulna        -14 2720.696220
 2016      9     Khulna        -14  564.284112
 2016     10     Khulna        -15 1978.114076
 2016     10     Khulna        -15  415.178911
 2016     11     Khulna        -16 1623.584769
 2016     11     Khulna        -16  369.828824
 2016     12     Khulna        -17 1143.451507
 2016     12     Khulna        -17  258.183613
 2017      1     Khulna        -17  753.170188
 2017      1     Khulna        -17  173.848883
 2017      2     Khulna        -16  801.910664
 2017      2     Khulna        -16  193.943961
 2017      3     Khulna        -16 1062.377245
 2017      3     Khulna        -16  279.948684
 2017      4     Khulna        -15 1568.092549
 2017      4     Khulna        -15  410.358713
 2017      5     Khulna        -14 1777.615270
 2017      5     Khulna        -14  464.334095
 2017      6     Khulna        -13 2337.861109
 2017      6     Khulna        -13  545.939284
 2017      7     Khulna        -13 3159.909769
 2017      7     Khulna        -13  730.345288
 2017      8     Khulna        -13 3549.755382
 2017      8     Khulna        -13  839.940239
 2017      9     Khulna        -14 2275.312278
 2017      9     Khulna        -14  506.101772
 2017     10     Khulna        -15 1894.296957
 2017     10     Khulna        -15  378.262754
 2017     11     Khulna        -16 1573.169023
 2017     11     Khulna        -16  337.203723
 2017     12     Khulna        -17 1118.345972
 2017     12     Khulna        -17  257.705488
 2018      1     Khulna        -17  740.421520
 2018      1     Khulna        -17  176.195292
 2018      2     Khulna        -16  855.639269
 2018      2     Khulna        -16  197.348250
 2018      3     Khulna        -16 1100.578790
 2018      3     Khulna        -16  297.734370
 2018      4     Khulna        -15 1356.280200
 2018      4     Khulna        -15  376.113440
 2018      5     Khulna        -14 1691.239843
 2018      5     Khulna        -14  447.081112
 2018      6     Khulna        -13 2261.476252
 2018      6     Khulna        -13  580.601814
 2018      7     Khulna        -13 2630.827973
 2018      7     Khulna        -13  656.324185
 2018      8     Khulna        -13 2920.716779
 2018      8     Khulna        -13  733.003119
 2018      9     Khulna        -14 2172.147529
 2018      9     Khulna        -14  493.775228
 2018     10     Khulna        -15 1601.173521
 2018     10     Khulna        -15  346.008852
 2018     11     Khulna        -16 1387.570207
 2018     11     Khulna        -16  308.036906
 2018     12     Khulna        -17  890.680050
 2018     12     Khulna        -17  216.625912
 2019      1     Khulna        -17  721.190200
 2019      1     Khulna        -17  173.881293
 2019      2     Khulna        -16  714.101228
 2019      2     Khulna        -16  160.018148
 2019      3     Khulna        -16 1241.218459
 2019      3     Khulna        -16  335.233854
 2019      4     Khulna        -15 1442.684432
 2019      4     Khulna        -15  393.657964
 2019      5     Khulna        -14 1760.654050
 2019      5     Khulna        -14  464.886582
 2019      6     Khulna        -13 2088.435099
 2019      6     Khulna        -13  526.444061
 2019      7     Khulna        -13 2366.252318
 2019      7     Khulna        -13  573.620451
 2019      8     Khulna        -13 2870.225291
 2019      8     Khulna        -13  715.590169
 2019      9     Khulna        -14 2261.590289
 2019      9     Khulna        -14  576.197456
 2019     10     Khulna        -15 1745.160095
 2019     10     Khulna        -15  397.859115
 2019     11     Khulna        -16 1517.375819
 2019     11     Khulna        -16  355.913111
 2019     12     Khulna        -17 1176.028786
 2019     12     Khulna        -17  283.733244
 2020      1     Khulna        -17  811.433457
 2020      1     Khulna        -17  204.288474
 2020      2     Khulna        -16  878.005573
 2020      2     Khulna        -16  198.031603
 2020      3     Khulna        -16 1008.636623
 2020      3     Khulna        -16  262.496632
 2020      4     Khulna        -15 1436.590247
 2020      4     Khulna        -15  379.508484
 2020      5     Khulna        -14 1722.507423
 2020      5     Khulna        -14  451.402177
 2020      6     Khulna        -13 2585.181203
 2020      6     Khulna        -13  627.196113
 2020      7     Khulna        -13 2881.981794
 2020      7     Khulna        -13  662.528162
 2020      8     Khulna        -13 3422.589930
 2020      8     Khulna        -13  802.489835
 2020      9     Khulna        -14 2276.557038
 2020      9     Khulna        -14  472.902540
 2020     10     Khulna        -15 1939.698420
 2020     10     Khulna        -15  414.491074
 2020     11     Khulna        -16 1660.582115
 2020     11     Khulna        -16  364.534282
 2020     12     Khulna        -17 1194.256469
 2020     12     Khulna        -17  278.256298
 2021      1     Khulna        -17  803.357559
 2021      1     Khulna        -17  181.967122
 2021      2     Khulna        -16  911.809599
 2021      2     Khulna        -16  211.706732
 2021      3     Khulna        -16 1130.775200
 2021      3     Khulna        -16  290.141314
 2021      4     Khulna        -15 1459.309777
 2021      4     Khulna        -15  366.994543
 2021      5     Khulna        -14 1570.625241
 2021      5     Khulna        -14  399.253134
 2021      6     Khulna        -13 2531.478184
 2021      6     Khulna        -13  605.438462
 2021      7     Khulna        -13 3080.266892
 2021      7     Khulna        -13  730.261748
 2021      8     Khulna        -13 3406.195693
 2021      8     Khulna        -13  785.253948
 2021      9     Khulna        -14 2493.527916
 2021      9     Khulna        -14  510.637582
 2021     10     Khulna        -15 1965.444621
 2021     10     Khulna        -15  397.985231
 2021     11     Khulna        -16 1683.186083
 2021     11     Khulna        -16  354.486128
 2021     12     Khulna        -17 1234.833913
 2021     12     Khulna        -17  278.440993
 2022      1     Khulna        -17  770.888350
 2022      1     Khulna        -17  175.964632
 2022      2     Khulna        -16  875.551424
 2022      2     Khulna        -16  186.414801
 2022      3     Khulna        -16 1103.821670
 2022      3     Khulna        -16  273.078321
 2022      4     Khulna        -15 1419.610028
 2022      4     Khulna        -15  347.873982
 2022      5     Khulna        -14 1628.054336
 2022      5     Khulna        -14  398.183712
 2022      6     Khulna        -13 2119.178531
 2022      6     Khulna        -13  487.560856
 2022      7     Khulna        -13 2339.361444
 2022      7     Khulna        -13  583.141411
 2022      8     Khulna        -13 2692.460952
 2022      8     Khulna        -13  653.323801
 2022      9     Khulna        -14 2213.612720
 2022      9     Khulna        -14  544.128569
 2022     10     Khulna        -15 1620.533898
 2022     10     Khulna        -15  352.768609
 2022     11     Khulna        -16 1408.497995
 2022     11     Khulna        -16  320.144400
 2022     12     Khulna        -17 1037.619605
 2022     12     Khulna        -17  243.143700
 2023      1     Khulna        -17  755.731495
 2023      1     Khulna        -17  191.721238
 2023      2     Khulna        -16  758.940199
 2023      2     Khulna        -16  176.895396
 2023      3     Khulna        -16  956.224547
 2023      3     Khulna        -16  242.069962
 2023      4     Khulna        -15 1284.638285
 2023      4     Khulna        -15  338.460940
 2023      5     Khulna        -14 1519.021502
 2023      5     Khulna        -14  402.950217
 2023      6     Khulna        -13 2014.656584
 2023      6     Khulna        -13  517.722337
 2023      7     Khulna        -13 2440.478517
 2023      7     Khulna        -13  631.346228
 2023      8     Khulna        -13 2661.276032
 2023      8     Khulna        -13  684.743006
 2023      9     Khulna        -14 1963.232680
 2023      9     Khulna        -14  457.542738
 2023     10     Khulna        -15 1701.375984
 2023     10     Khulna        -15  377.219069
 2023     11     Khulna        -16 1478.390192
 2023     11     Khulna        -16  337.203933
 2023     12     Khulna        -17 1073.364598
 2023     12     Khulna        -17  264.934496
 2024      1     Khulna        -17  719.246538
 2024      1     Khulna        -17  187.669062
 2024      2     Khulna        -16  784.356568
 2024      2     Khulna        -16  188.860908
 2024      3     Khulna        -16  910.314675
 2024      3     Khulna        -16  249.621908
 2024      4     Khulna        -15 1411.276203
 2024      4     Khulna        -15  368.320488
 2024      5     Khulna        -14 1612.207819
 2024      5     Khulna        -14  407.343464
 2024      6     Khulna        -13 2271.557270
 2024      6     Khulna        -13  539.083193
 2024      7     Khulna        -13 2575.251417
 2024      7     Khulna        -13  633.303051
 2024      8     Khulna        -13 3360.458275
 2024      8     Khulna        -13  745.260604
 2024      9     Khulna        -14 2523.490598
 2024      9     Khulna        -14  556.559440
 2024     10     Khulna        -15 2072.544893
 2024     10     Khulna        -15  415.539763
 2024     11     Khulna        -16 1676.012454
 2024     11     Khulna        -16  354.158604
 2024     12     Khulna        -17 1220.793811
 2024     12     Khulna        -17  273.326812
 2025      1     Khulna        -17  822.213298
 2025      1     Khulna        -17  193.250206
 2025      2     Khulna        -16  847.439778
 2025      2     Khulna        -16  202.836806
 2025      3     Khulna        -16 1155.285879
 2025      3     Khulna        -16  288.756499
 2025      4     Khulna        -15 1342.384309
 2025      4     Khulna        -15  337.079714
 2025      5     Khulna        -14 1622.232856
 2025      5     Khulna        -14  407.700652
 2025      6     Khulna        -13 2319.590251
 2025      6     Khulna        -13  528.502653
 2025      7     Khulna        -13 3452.870788
 2025      7     Khulna        -13  729.136139
 2025      8     Khulna        -13 3365.340835
 2025      8     Khulna        -13  703.465532
 2025      9     Khulna        -14 2340.147652
 2025      9     Khulna        -14  479.608316
 2025     10     Khulna        -15 1798.789298
 2025     10     Khulna        -15  361.535984
 2025     11     Khulna        -16 1571.154928
 2025     11     Khulna        -16  328.107280
 2025     12     Khulna        -17 1032.935494
 2025     12     Khulna        -17  241.735532
 2015      1   Rajshahi        -17  551.914060
 2015      1   Rajshahi        -17   76.834705
 2015      2   Rajshahi        -16  630.890742
 2015      2   Rajshahi        -16   74.607575
 2015      3   Rajshahi        -16  627.318697
 2015      3   Rajshahi        -16   64.320653
 2015      4   Rajshahi        -15  548.667762
 2015      4   Rajshahi        -15   40.999085
 2015      5   Rajshahi        -14  717.668114
 2015      5   Rajshahi        -14   86.671330
 2015      6   Rajshahi        -13 1311.544349
 2015      6   Rajshahi        -13  130.409624
 2015      7   Rajshahi        -13 3394.870586
 2015      7   Rajshahi        -13  383.242153
 2015      8   Rajshahi        -13 2688.901843
 2015      8   Rajshahi        -13  290.238340
 2015      9   Rajshahi        -14 1843.242046
 2015      9   Rajshahi        -14   41.781271
 2015     10   Rajshahi        -15 1393.659824
 2015     10   Rajshahi        -15  163.339873
 2015     11   Rajshahi        -16  697.564266
 2015     11   Rajshahi        -16   22.664075
 2015     12   Rajshahi        -17  645.014604
 2015     12   Rajshahi        -17   73.540762
 2016      1   Rajshahi        -17  268.170728
 2016      1   Rajshahi        -17    7.405639
 2016      2   Rajshahi        -16  727.527849
 2016      2   Rajshahi        -16   74.803601
 2016      3   Rajshahi        -16  626.738813
 2016      3   Rajshahi        -16   15.573546
 2016      4   Rajshahi        -15  756.180730
 2016      4   Rajshahi        -15   81.317848
 2016      5   Rajshahi        -14  809.079349
 2016      5   Rajshahi        -14   78.501939
 2016      6   Rajshahi        -13 1335.803270
 2016      6   Rajshahi        -13   35.338644
 2016      7   Rajshahi        -13 4860.606965
 2016      7   Rajshahi        -13  496.640625
 2016      8   Rajshahi        -13 2825.444706
 2016      8   Rajshahi        -13  269.814768
 2016      9   Rajshahi        -14 2176.500231
 2016      9   Rajshahi        -14  245.619881
 2016     10   Rajshahi        -15 1857.900985
 2016     10   Rajshahi        -15  209.482185
 2016     11   Rajshahi        -16 1151.473564
 2016     11   Rajshahi        -16  158.130651
 2016     12   Rajshahi        -17  670.131856
 2016     12   Rajshahi        -17   74.963166
 2017      1   Rajshahi        -17  626.542381
 2017      1   Rajshahi        -17   70.499337
 2017      2   Rajshahi        -16  737.852028
 2017      2   Rajshahi        -16   84.242666
 2017      3   Rajshahi        -16  658.601556
 2017      3   Rajshahi        -16   84.878546
 2017      4   Rajshahi        -15  813.987336
 2017      4   Rajshahi        -15  107.877482
 2017      5   Rajshahi        -14  878.568727
 2017      5   Rajshahi        -14  110.933384
 2017      6   Rajshahi        -13 1090.701213
 2017      6   Rajshahi        -13  127.057713
 2017      7   Rajshahi        -13 3139.413519
 2017      7   Rajshahi        -13  206.958402
 2017      8   Rajshahi        -13 3963.971500
 2017      8   Rajshahi        -13  343.331431
 2017      9   Rajshahi        -14 2529.585318
 2017      9   Rajshahi        -14  291.846176
 2017     10   Rajshahi        -15 1900.458275
 2017     10   Rajshahi        -15  234.734757
 2017     11   Rajshahi        -16 1218.568727
 2017     11   Rajshahi        -16  184.938214
 2017     12   Rajshahi        -17  740.997490
 2017     12   Rajshahi        -17  110.644192
 2018      1   Rajshahi        -17  658.078545
 2018      1   Rajshahi        -17   95.679825
 2018      2   Rajshahi        -16  800.172095
 2018      2   Rajshahi        -16   94.330427
 2018      3   Rajshahi        -16  694.270308
 2018      3   Rajshahi        -16  103.792563
 2018      4   Rajshahi        -15  757.915829
 2018      4   Rajshahi        -15  113.185991
 2018      5   Rajshahi        -14  824.938040
 2018      5   Rajshahi        -14  116.582394
 2018      6   Rajshahi        -13 1272.657844
 2018      6   Rajshahi        -13  192.387738
 2018      7   Rajshahi        -13 2219.727124
 2018      7   Rajshahi        -13  231.535748
 2018      8   Rajshahi        -13 2750.307563
 2018      8   Rajshahi        -13  251.582936
 2018      9   Rajshahi        -14 2011.867062
 2018      9   Rajshahi        -14  212.058880
 2018     10   Rajshahi        -15 1145.521246
 2018     10   Rajshahi        -15  152.101634
 2018     11   Rajshahi        -16  855.027554
 2018     11   Rajshahi        -16  128.533858
 2018     12   Rajshahi        -17  622.998632
 2018     12   Rajshahi        -17   91.198090
 2019      1   Rajshahi        -17  653.097171
 2019      1   Rajshahi        -17   89.074975
 2019      2   Rajshahi        -16  776.099768
 2019      2   Rajshahi        -16   98.873079
 2019      3   Rajshahi        -16  671.724754
 2019      3   Rajshahi        -16  103.800776
 2019      4   Rajshahi        -15  687.613454
 2019      4   Rajshahi        -15  103.083261
 2019      5   Rajshahi        -14  827.183021
 2019      5   Rajshahi        -14  134.077650
 2019      6   Rajshahi        -13  961.821381
 2019      6   Rajshahi        -13  158.291339
 2019      7   Rajshahi        -13 4783.572740
 2019      7   Rajshahi        -13  506.401398
 2019      8   Rajshahi        -13 2968.320762
 2019      8   Rajshahi        -13  284.410711
 2019      9   Rajshahi        -14 1842.801711
 2019      9   Rajshahi        -14  207.592465
 2019     10   Rajshahi        -15 1724.200742
 2019     10   Rajshahi        -15  202.862229
 2019     11   Rajshahi        -16 1037.795177
 2019     11   Rajshahi        -16  155.480407
 2019     12   Rajshahi        -17  698.770000
 2019     12   Rajshahi        -17  103.790758
 2020      1   Rajshahi        -17  592.987193
 2020      1   Rajshahi        -17   92.641844
 2020      2   Rajshahi        -16  827.264340
 2020      2   Rajshahi        -16  115.212409
 2020      3   Rajshahi        -16  705.852242
 2020      3   Rajshahi        -16  111.548720
 2020      4   Rajshahi        -15  805.074072
 2020      4   Rajshahi        -15  138.805885
 2020      5   Rajshahi        -14  813.357551
 2020      5   Rajshahi        -14  132.784395
 2020      6   Rajshahi        -13 1521.741084
 2020      6   Rajshahi        -13  192.085882
 2020      7   Rajshahi        -13 5158.740194
 2020      7   Rajshahi        -13  555.477079
 2020      8   Rajshahi        -13 3790.448186
 2020      8   Rajshahi        -13  368.716676
 2020      9   Rajshahi        -14 2684.401410
 2020      9   Rajshahi        -14  288.666418
 2020     10   Rajshahi        -15 2199.362584
 2020     10   Rajshahi        -15  264.754631
 2020     11   Rajshahi        -16 1133.330215
 2020     11   Rajshahi        -16  181.874022
 2020     12   Rajshahi        -17  784.811676
 2020     12   Rajshahi        -17  125.989125
 2021      1   Rajshahi        -17  693.279995
 2021      1   Rajshahi        -17  104.504336
 2021      2   Rajshahi        -16  839.425480
 2021      2   Rajshahi        -16  129.722334
 2021      3   Rajshahi        -16  809.104195
 2021      3   Rajshahi        -16  126.451042
 2021      4   Rajshahi        -15  916.263871
 2021      4   Rajshahi        -15  150.569520
 2021      5   Rajshahi        -14  883.697106
 2021      5   Rajshahi        -14  145.491011
 2021      6   Rajshahi        -13 1308.144369
 2021      6   Rajshahi        -13  185.500740
 2021      7   Rajshahi        -13 3322.747672
 2021      7   Rajshahi        -13  428.760904
 2021      8   Rajshahi        -13 2846.367006
 2021      8   Rajshahi        -13  334.575714
 2021      9   Rajshahi        -14 2149.141655
 2021      9   Rajshahi        -14  273.724682
 2021     10   Rajshahi        -15 1522.936206
 2021     10   Rajshahi        -15  220.502915
 2021     11   Rajshahi        -16  976.774912
 2021     11   Rajshahi        -16  170.430969
 2021     12   Rajshahi        -17  695.776374
 2021     12   Rajshahi        -17  111.035748
 2022      1   Rajshahi        -17  653.524898
 2022      1   Rajshahi        -17  101.881146
 2022      2   Rajshahi        -16  811.417436
 2022      2   Rajshahi        -16  133.726036
 2022      3   Rajshahi        -16  733.095696
 2022      3   Rajshahi        -16  119.805624
 2022      4   Rajshahi        -15  874.120577
 2022      4   Rajshahi        -15  146.848440
 2022      5   Rajshahi        -14  856.999184
 2022      5   Rajshahi        -14  145.463313
 2022      6   Rajshahi        -13 1636.072400
 2022      6   Rajshahi        -13  191.982114
 2022      7   Rajshahi        -13 1884.281457
 2022      7   Rajshahi        -13  268.394346
 2022      8   Rajshahi        -13 2400.347999
 2022      8   Rajshahi        -13  251.901546
 2022      9   Rajshahi        -14 1832.307739
 2022      9   Rajshahi        -14  230.008076
 2022     10   Rajshahi        -15 1543.411162
 2022     10   Rajshahi        -15  198.207317
 2022     11   Rajshahi        -16  918.534446
 2022     11   Rajshahi        -16  150.155526
 2022     12   Rajshahi        -17  633.607662
 2022     12   Rajshahi        -17  110.318847
 2023      1   Rajshahi        -17  603.663865
 2023      1   Rajshahi        -17  101.782976
 2023      2   Rajshahi        -16  737.775300
 2023      2   Rajshahi        -16  134.196027
 2023      3   Rajshahi        -16  726.932559
 2023      3   Rajshahi        -16  132.235338
 2023      4   Rajshahi        -15  838.644547
 2023      4   Rajshahi        -15  153.399930
 2023      5   Rajshahi        -14  832.725496
 2023      5   Rajshahi        -14  145.318604
 2023      6   Rajshahi        -13 1065.490764
 2023      6   Rajshahi        -13  166.607263
 2023      7   Rajshahi        -13 2209.882138
 2023      7   Rajshahi        -13  296.777722
 2023      8   Rajshahi        -13 3018.389881
 2023      8   Rajshahi        -13  242.960302
 2023      9   Rajshahi        -14 1655.276166
 2023      9   Rajshahi        -14  210.930860
 2023     10   Rajshahi        -15 1580.988363
 2023     10   Rajshahi        -15  209.856880
 2023     11   Rajshahi        -16  887.475732
 2023     11   Rajshahi        -16  145.551126
 2023     12   Rajshahi        -17  619.529463
 2023     12   Rajshahi        -17   98.314648
 2024      1   Rajshahi        -17  592.115534
 2024      1   Rajshahi        -17   82.351012
 2024      2   Rajshahi        -16  808.001715
 2024      2   Rajshahi        -16  129.556725
 2024      3   Rajshahi        -16  642.091211
 2024      3   Rajshahi        -16  102.026757
 2024      4   Rajshahi        -15  837.230696
 2024      4   Rajshahi        -15  153.361120
 2024      5   Rajshahi        -14  807.983494
 2024      5   Rajshahi        -14  152.885133
 2024      6   Rajshahi        -13 1112.931283
 2024      6   Rajshahi        -13  197.970104
 2024      7   Rajshahi        -13 3560.400147
 2024      7   Rajshahi        -13  402.099393
 2024      8   Rajshahi        -13 2996.225636
 2024      8   Rajshahi        -13  288.520456
 2024      9   Rajshahi        -14 1635.664404
 2024      9   Rajshahi        -14  229.164843
 2024     10   Rajshahi        -15 1578.507324
 2024     10   Rajshahi        -15  205.889370
 2024     11   Rajshahi        -16  915.620725
 2024     11   Rajshahi        -16  158.643147
 2024     12   Rajshahi        -17  647.643164
 2024     12   Rajshahi        -17  105.510305
 2025      1   Rajshahi        -17  642.143332
 2025      1   Rajshahi        -17  103.024172
 2025      2   Rajshahi        -16  741.972297
 2025      2   Rajshahi        -16  108.975082
 2025      3   Rajshahi        -16  739.254979
 2025      3   Rajshahi        -16  131.291399
 2025      4   Rajshahi        -15  835.257898
 2025      4   Rajshahi        -15  139.239907
 2025      5   Rajshahi        -14  885.849130
 2025      5   Rajshahi        -14  147.951733
 2025      6   Rajshahi        -13 1400.711745
 2025      6   Rajshahi        -13  195.288787
 2025      7   Rajshahi        -13 2676.024499
 2025      7   Rajshahi        -13  383.119109
 2025      8   Rajshahi        -13 3282.121324
 2025      8   Rajshahi        -13  385.030551
 2025      9   Rajshahi        -14 1972.619148
 2025      9   Rajshahi        -14  269.908094
 2025     10   Rajshahi        -15 1369.754766
 2025     10   Rajshahi        -15  209.010114
 2025     11   Rajshahi        -16 1062.178744
 2025     11   Rajshahi        -16  181.782941
 2025     12   Rajshahi        -17  717.628344
 2025     12   Rajshahi        -17  129.465445
 2015      1    Rangpur        -17  268.384686
 2015      1    Rangpur        -17    3.188934
 2015      2    Rangpur        -16  518.806642
 2015      2    Rangpur        -16    7.400684
 2015      3    Rangpur        -16  491.964786
 2015      3    Rangpur        -16    3.345121
 2015      4    Rangpur        -15  484.162684
 2015      4    Rangpur        -15    7.093048
 2015      5    Rangpur        -14  596.277965
 2015      5    Rangpur        -14   14.064240
 2015      6    Rangpur        -13 1017.217320
 2015      6    Rangpur        -13   49.207393
 2015      7    Rangpur        -13 1512.894135
 2015      7    Rangpur        -13  100.488139
 2015      8    Rangpur        -13 1632.164548
 2015      8    Rangpur        -13  145.250451
 2015      9    Rangpur        -14 1265.932490
 2015      9    Rangpur        -14   82.121213
 2015     10    Rangpur        -15  666.779144
 2015     10    Rangpur        -15   20.558365
 2015     11    Rangpur        -16  582.076646
 2015     11    Rangpur        -16   15.735992
 2015     12    Rangpur        -17  436.817760
 2015     12    Rangpur        -17    8.006063
 2016      1    Rangpur        -17  486.320161
 2016      1    Rangpur        -17  202.108635
 2016      2    Rangpur        -16  512.944793
 2016      2    Rangpur        -16    4.820819
 2016      3    Rangpur        -16  745.978118
 2016      3    Rangpur        -16   12.826104
 2016      4    Rangpur        -15  684.446771
 2016      4    Rangpur        -15   12.818037
 2016      5    Rangpur        -14  770.828602
 2016      5    Rangpur        -14   25.845586
 2016      6    Rangpur        -13 1012.241270
 2016      6    Rangpur        -13   39.018330
 2016      7    Rangpur        -13 3251.128282
 2016      7    Rangpur        -13  359.937621
 2016      8    Rangpur        -13 1333.460674
 2016      8    Rangpur        -13   70.899757
 2016      9    Rangpur        -14 1086.649711
 2016      9    Rangpur        -14   48.491792
 2016     10    Rangpur        -15  910.735626
 2016     10    Rangpur        -15   35.788594
 2016     11    Rangpur        -16  601.543329
 2016     11    Rangpur        -16   15.463298
 2016     12    Rangpur        -17  449.655769
 2016     12    Rangpur        -17    7.990937
 2017      1    Rangpur        -17  484.059296
 2017      1    Rangpur        -17    6.696425
 2017      2    Rangpur        -16  629.110768
 2017      2    Rangpur        -16    9.291775
 2017      3    Rangpur        -16  522.518372
 2017      3    Rangpur        -16    5.618156
 2017      4    Rangpur        -15  769.765328
 2017      4    Rangpur        -15   16.208270
 2017      5    Rangpur        -14  757.126833
 2017      5    Rangpur        -14   22.503280
 2017      6    Rangpur        -13  946.251367
 2017      6    Rangpur        -13   40.528169
 2017      7    Rangpur        -13 1906.685099
 2017      7    Rangpur        -13  131.202406
 2017      8    Rangpur        -13 2516.394032
 2017      8    Rangpur        -13  282.383002
 2017      9    Rangpur        -14 1160.605700
 2017      9    Rangpur        -14   55.073351
 2017     10    Rangpur        -15  888.475858
 2017     10    Rangpur        -15   28.426056
 2017     11    Rangpur        -16  662.952301
 2017     11    Rangpur        -16   21.669928
 2017     12    Rangpur        -17  510.418030
 2017     12    Rangpur        -17   11.085093
 2018      1    Rangpur        -17  492.837144
 2018      1    Rangpur        -17    9.765929
 2018      2    Rangpur        -16  656.895224
 2018      2    Rangpur        -16   14.864730
 2018      3    Rangpur        -16  669.295593
 2018      3    Rangpur        -16   12.043530
 2018      4    Rangpur        -15  670.166222
 2018      4    Rangpur        -15   18.366759
 2018      5    Rangpur        -14  738.442272
 2018      5    Rangpur        -14   25.103275
 2018      6    Rangpur        -13  955.194785
 2018      6    Rangpur        -13   42.961596
 2018      7    Rangpur        -13 1374.927918
 2018      7    Rangpur        -13   52.802909
 2018      8    Rangpur        -13 1487.711245
 2018      8    Rangpur        -13   88.003929
 2018      9    Rangpur        -14 1052.434439
 2018      9    Rangpur        -14   37.959284
 2018     10    Rangpur        -15  732.749110
 2018     10    Rangpur        -15   21.979091
 2018     11    Rangpur        -16  607.818108
 2018     11    Rangpur        -16   14.682543
 2018     12    Rangpur        -17  441.038391
 2018     12    Rangpur        -17    8.596741
 2019      1    Rangpur        -17  459.591164
 2019      1    Rangpur        -17    6.521693
 2019      2    Rangpur        -16  568.589520
 2019      2    Rangpur        -16   11.578606
 2019      3    Rangpur        -16  557.477176
 2019      3    Rangpur        -16   11.555751
 2019      4    Rangpur        -15  536.253639
 2019      4    Rangpur        -15   16.125457
 2019      5    Rangpur        -14  665.796486
 2019      5    Rangpur        -14   21.835136
 2019      6    Rangpur        -13  765.712117
 2019      6    Rangpur        -13   33.360974
 2019      7    Rangpur        -13 2861.224272
 2019      7    Rangpur        -13  194.916209
 2019      8    Rangpur        -13 1528.065823
 2019      8    Rangpur        -13   96.144200
 2019      9    Rangpur        -14  980.599657
 2019      9    Rangpur        -14   39.668367
 2019     10    Rangpur        -15  794.405146
 2019     10    Rangpur        -15   31.157013
 2019     11    Rangpur        -16  569.419719
 2019     11    Rangpur        -16   14.447398
 2019     12    Rangpur        -17  449.517916
 2019     12    Rangpur        -17    7.906366
 2020      1    Rangpur        -17  416.049150
 2020      1    Rangpur        -17    7.469798
 2020      2    Rangpur        -16  553.862156
 2020      2    Rangpur        -16   11.772758
 2020      3    Rangpur        -16  549.027865
 2020      3    Rangpur        -16    8.208816
 2020      4    Rangpur        -15  604.318342
 2020      4    Rangpur        -15   12.198878
 2020      5    Rangpur        -14  662.538454
 2020      5    Rangpur        -14   20.332284
 2020      6    Rangpur        -13 1028.480697
 2020      6    Rangpur        -13   47.314313
 2020      7    Rangpur        -13 3146.292806
 2020      7    Rangpur        -13  283.961932
 2020      8    Rangpur        -13 1829.932286
 2020      8    Rangpur        -13  109.335324
 2020      9    Rangpur        -14 1272.398093
 2020      9    Rangpur        -14   63.923657
 2020     10    Rangpur        -15  865.235010
 2020     10    Rangpur        -15   34.281932
 2020     11    Rangpur        -16  658.373240
 2020     11    Rangpur        -16   18.554007
 2020     12    Rangpur        -17  521.278699
 2020     12    Rangpur        -17   12.855396
 2021      1    Rangpur        -17  475.931459
 2021      1    Rangpur        -17    8.952702
 2021      2    Rangpur        -16  607.039851
 2021      2    Rangpur        -16   11.055583
 2021      3    Rangpur        -16  635.981997
 2021      3    Rangpur        -16    7.051528
 2021      4    Rangpur        -15  818.102882
 2021      4    Rangpur        -15   18.490084
 2021      5    Rangpur        -14  789.463455
 2021      5    Rangpur        -14   27.345293
 2021      6    Rangpur        -13  936.299320
 2021      6    Rangpur        -13   43.267802
 2021      7    Rangpur        -13 1701.679900
 2021      7    Rangpur        -13   80.165376
 2021      8    Rangpur        -13 1394.250885
 2021      8    Rangpur        -13  110.856768
 2021      9    Rangpur        -14 1024.460550
 2021      9    Rangpur        -14   43.173037
 2021     10    Rangpur        -15  824.403164
 2021     10    Rangpur        -15   31.902160
 2021     11    Rangpur        -16  561.110209
 2021     11    Rangpur        -16   15.791690
 2021     12    Rangpur        -17  478.099943
 2021     12    Rangpur        -17   10.482950
 2022      1    Rangpur        -17  460.465579
 2022      1    Rangpur        -17    7.832484
 2022      2    Rangpur        -16  590.054303
 2022      2    Rangpur        -16   27.747634
 2022      3    Rangpur        -16  550.513586
 2022      3    Rangpur        -16   12.364067
 2022      4    Rangpur        -15  648.302191
 2022      4    Rangpur        -15   16.590043
 2022      5    Rangpur        -14  743.619721
 2022      5    Rangpur        -14   28.947901
 2022      6    Rangpur        -13 1420.808376
 2022      6    Rangpur        -13   59.763077
 2022      7    Rangpur        -13 1183.181826
 2022      7    Rangpur        -13   46.998437
 2022      8    Rangpur        -13 1503.266010
 2022      8    Rangpur        -13   99.076144
 2022      9    Rangpur        -14 1000.982407
 2022      9    Rangpur        -14   46.082534
 2022     10    Rangpur        -15  782.443021
 2022     10    Rangpur        -15   22.013344
 2022     11    Rangpur        -16  576.839089
 2022     11    Rangpur        -16   14.124814
 2022     12    Rangpur        -17  421.160841
 2022     12    Rangpur        -17    6.911815
 2023      1    Rangpur        -17  432.994890
 2023      1    Rangpur        -17    5.414846
 2023      2    Rangpur        -16  525.988237
 2023      2    Rangpur        -16    7.406713
 2023      3    Rangpur        -16  552.317427
 2023      3    Rangpur        -16   10.713230
 2023      4    Rangpur        -15  688.793972
 2023      4    Rangpur        -15   16.674233
 2023      5    Rangpur        -14  766.008842
 2023      5    Rangpur        -14   20.781212
 2023      6    Rangpur        -13  912.300663
 2023      6    Rangpur        -13   35.111968
 2023      7    Rangpur        -13 1724.020944
 2023      7    Rangpur        -13   62.770265
 2023      8    Rangpur        -13 1867.859088
 2023      8    Rangpur        -13  117.869813
 2023      9    Rangpur        -14  907.381657
 2023      9    Rangpur        -14   27.569451
 2023     10    Rangpur        -15  851.431182
 2023     10    Rangpur        -15   30.287295
 2023     11    Rangpur        -16  559.050841
 2023     11    Rangpur        -16   13.531494
 2023     12    Rangpur        -17  415.993623
 2023     12    Rangpur        -17    7.443303
 2024      1    Rangpur        -17  409.853612
 2024      1    Rangpur        -17    4.621056
 2024      2    Rangpur        -16  571.821298
 2024      2    Rangpur        -16   14.668425
 2024      3    Rangpur        -16  475.767273
 2024      3    Rangpur        -16    2.560079
 2024      4    Rangpur        -15  590.226537
 2024      4    Rangpur        -15    9.711742
 2024      5    Rangpur        -14  572.802787
 2024      5    Rangpur        -14   13.434149
 2024      6    Rangpur        -13  930.798662
 2024      6    Rangpur        -13   36.917110
 2024      7    Rangpur        -13 2077.949138
 2024      7    Rangpur        -13  103.154133
 2024      8    Rangpur        -13 1500.050235
 2024      8    Rangpur        -13  102.500860
 2024      9    Rangpur        -14  921.875148
 2024      9    Rangpur        -14   37.095978
 2024     10    Rangpur        -15  821.482089
 2024     10    Rangpur        -15   29.619969
 2024     11    Rangpur        -16  565.161002
 2024     11    Rangpur        -16   15.531368
 2024     12    Rangpur        -17  429.069776
 2024     12    Rangpur        -17    8.006349
 2025      1    Rangpur        -17  431.785864
 2025      1    Rangpur        -17    5.387456
 2025      2    Rangpur        -16  543.619681
 2025      2    Rangpur        -16   10.114714
 2025      3    Rangpur        -16  557.718067
 2025      3    Rangpur        -16    6.300219
 2025      4    Rangpur        -15  600.266802
 2025      4    Rangpur        -15    8.050236
 2025      5    Rangpur        -14  694.323862
 2025      5    Rangpur        -14   19.295509
 2025      6    Rangpur        -13 1044.077430
 2025      6    Rangpur        -13   37.950887
 2025      7    Rangpur        -13 1160.929897
 2025      7    Rangpur        -13   44.868531
 2025      8    Rangpur        -13 1775.170519
 2025      8    Rangpur        -13  155.518000
 2025      9    Rangpur        -14  943.351188
 2025      9    Rangpur        -14   35.708029
 2025     10    Rangpur        -15  726.721041
 2025     10    Rangpur        -15   23.275072
 2025     11    Rangpur        -16  562.815246
 2025     11    Rangpur        -16   13.471736
 2025     12    Rangpur        -17  411.306774
 2025     12    Rangpur        -17    7.747342
 2015      1     Sylhet        -17  301.357451
 2015      1     Sylhet        -17   45.195381
 2015      2     Sylhet        -16  318.961290
 2015      2     Sylhet        -16  172.729968
 2015      3     Sylhet        -16  113.192540
 2015      3     Sylhet        -16   25.937085
 2015      4     Sylhet        -15  182.709527
 2015      4     Sylhet        -15   50.854782
 2015      5     Sylhet        -14 1412.653099
 2015      5     Sylhet        -14  173.725372
 2015      6     Sylhet        -13 4488.568879
 2015      6     Sylhet        -13 1115.845063
 2015      7     Sylhet        -13 3656.474101
 2015      7     Sylhet        -13  552.796968
 2015      8     Sylhet        -13 4189.861609
 2015      8     Sylhet        -13 1037.165826
 2015      9     Sylhet        -14 4092.102548
 2015      9     Sylhet        -14  884.032429
 2015     10     Sylhet        -15 2186.171185
 2015     10     Sylhet        -15  232.050528
 2015     11     Sylhet        -16 1273.039845
 2015     11     Sylhet        -16  131.759076
 2015     12     Sylhet        -17  848.199897
 2015     12     Sylhet        -17  103.866195
 2016      1     Sylhet        -17  387.706357
 2016      1     Sylhet        -17   59.535590
 2016      2     Sylhet        -16  243.374479
 2016      2     Sylhet        -16   53.583502
 2016      3     Sylhet        -16  148.636506
 2016      3     Sylhet        -16   31.494462
 2016      4     Sylhet        -15 1134.062972
 2016      4     Sylhet        -15  513.124786
 2016      5     Sylhet        -14 3128.013539
 2016      5     Sylhet        -14  760.723999
 2016      6     Sylhet        -13 4077.802989
 2016      6     Sylhet        -13  862.676080
 2016      7     Sylhet        -13 4934.464991
 2016      7     Sylhet        -13 1194.665801
 2016      8     Sylhet        -13 3427.913293
 2016      8     Sylhet        -13  515.031591
 2016      9     Sylhet        -14 3110.507461
 2016      9     Sylhet        -14  519.149904
 2016     10     Sylhet        -15 2442.203414
 2016     10     Sylhet        -15  298.587936
 2016     11     Sylhet        -16 1843.296127
 2016     11     Sylhet        -16  203.829535
 2016     12     Sylhet        -17 1074.331342
 2016     12     Sylhet        -17  108.670328
 2017      1     Sylhet        -17  470.807780
 2017      1     Sylhet        -17   66.030613
 2017      2     Sylhet        -16  195.663806
 2017      2     Sylhet        -16   42.478697
 2017      3     Sylhet        -16  181.074020
 2017      3     Sylhet        -16   39.871560
 2017      4     Sylhet        -15 2727.978833
 2017      4     Sylhet        -15  724.718885
 2017      5     Sylhet        -14 3079.319738
 2017      5     Sylhet        -14  496.733182
 2017      6     Sylhet        -13 4685.182437
 2017      6     Sylhet        -13 1142.397553
 2017      7     Sylhet        -13 4837.348298
 2017      7     Sylhet        -13 1209.877475
 2017      8     Sylhet        -13 4606.532022
 2017      8     Sylhet        -13 1018.041480
 2017      9     Sylhet        -14 3948.751095
 2017      9     Sylhet        -14  743.040060
 2017     10     Sylhet        -15 3008.272420
 2017     10     Sylhet        -15  464.499525
 2017     11     Sylhet        -16 2319.272492
 2017     11     Sylhet        -16  287.669102
 2017     12     Sylhet        -17 1408.371630
 2017     12     Sylhet        -17  163.659862
 2018      1     Sylhet        -17  734.666622
 2018      1     Sylhet        -17   79.485560
 2018      2     Sylhet        -16  349.162808
 2018      2     Sylhet        -16   56.860223
 2018      3     Sylhet        -16  194.799322
 2018      3     Sylhet        -16   45.671959
 2018      4     Sylhet        -15  242.352177
 2018      4     Sylhet        -15   63.297373
 2018      5     Sylhet        -14 1714.299589
 2018      5     Sylhet        -14  377.182026
 2018      6     Sylhet        -13 4243.720217
 2018      6     Sylhet        -13 1116.689267
 2018      7     Sylhet        -13 4220.930407
 2018      7     Sylhet        -13 1024.089115
 2018      8     Sylhet        -13 3592.209823
 2018      8     Sylhet        -13  699.432761
 2018      9     Sylhet        -14 2961.321993
 2018      9     Sylhet        -14  485.002079
 2018     10     Sylhet        -15 2050.616658
 2018     10     Sylhet        -15  262.113917
 2018     11     Sylhet        -16 1290.251965
 2018     11     Sylhet        -16  159.590265
 2018     12     Sylhet        -17  654.322226
 2018     12     Sylhet        -17   88.785965
 2019      1     Sylhet        -17  247.016968
 2019      1     Sylhet        -17   48.462947
 2019      2     Sylhet        -16  171.005870
 2019      2     Sylhet        -16   40.886215
 2019      3     Sylhet        -16  157.620585
 2019      3     Sylhet        -16   37.572933
 2019      4     Sylhet        -15  195.163635
 2019      4     Sylhet        -15   45.903917
 2019      5     Sylhet        -14 1223.391363
 2019      5     Sylhet        -14  239.494710
 2019      6     Sylhet        -13 3043.939584
 2019      6     Sylhet        -13  423.210224
 2019      7     Sylhet        -13 5504.749656
 2019      7     Sylhet        -13 1462.404098
 2019      8     Sylhet        -13 3767.402825
 2019      8     Sylhet        -13  670.699938
 2019      9     Sylhet        -14 2767.980327
 2019      9     Sylhet        -14  380.842548
 2019     10     Sylhet        -15 2355.040030
 2019     10     Sylhet        -15  278.589526
 2019     11     Sylhet        -16 1724.348971
 2019     11     Sylhet        -16  172.377372
 2019     12     Sylhet        -17  851.447491
 2019     12     Sylhet        -17   80.920675
 2020      1     Sylhet        -17  404.242499
 2020      1     Sylhet        -17   52.334838
 2020      2     Sylhet        -16  189.084026
 2020      2     Sylhet        -16   42.396741
 2020      3     Sylhet        -16  159.066591
 2020      3     Sylhet        -16   34.991235
 2020      4     Sylhet        -15  177.724997
 2020      4     Sylhet        -15   38.396566
 2020      5     Sylhet        -14  751.159930
 2020      5     Sylhet        -14  274.135732
 2020      6     Sylhet        -13 4155.726269
 2020      6     Sylhet        -13  955.130949
 2020      7     Sylhet        -13 5794.444730
 2020      7     Sylhet        -13 1496.829277
 2020      8     Sylhet        -13 4367.820320
 2020      8     Sylhet        -13  834.755300
 2020      9     Sylhet        -14 3616.490100
 2020      9     Sylhet        -14  702.322976
 2020     10     Sylhet        -15 2989.169959
 2020     10     Sylhet        -15  429.951694
 2020     11     Sylhet        -16 2043.912976
 2020     11     Sylhet        -16  214.044518
 2020     12     Sylhet        -17 1009.500315
 2020     12     Sylhet        -17  110.344778
 2021      1     Sylhet        -17  375.276519
 2021      1     Sylhet        -17   51.909510
 2021      2     Sylhet        -16  213.521509
 2021      2     Sylhet        -16   69.234974
 2021      3     Sylhet        -16  164.642518
 2021      3     Sylhet        -16   49.064509
 2021      4     Sylhet        -15  190.598924
 2021      4     Sylhet        -15   49.557253
 2021      5     Sylhet        -14  287.943164
 2021      5     Sylhet        -14   83.375830
 2021      6     Sylhet        -13 2399.608012
 2021      6     Sylhet        -13  389.233608
 2021      7     Sylhet        -13 3997.937750
 2021      7     Sylhet        -13  817.843582
 2021      8     Sylhet        -13 4266.860507
 2021      8     Sylhet        -13  994.678464
 2021      9     Sylhet        -14 2711.523660
 2021      9     Sylhet        -14  351.059462
 2021     10     Sylhet        -15 2024.787616
 2021     10     Sylhet        -15  205.235992
 2021     11     Sylhet        -16 1275.254638
 2021     11     Sylhet        -16  116.633405
 2021     12     Sylhet        -17  660.275584
 2021     12     Sylhet        -17   74.461483
 2022      1     Sylhet        -17  248.569169
 2022      1     Sylhet        -17   43.848133
 2022      2     Sylhet        -16  156.148913
 2022      2     Sylhet        -16   38.458294
 2022      3     Sylhet        -16  136.938274
 2022      3     Sylhet        -16   35.012160
 2022      4     Sylhet        -15  520.938372
 2022      4     Sylhet        -15  233.157025
 2022      5     Sylhet        -14 2701.359394
 2022      5     Sylhet        -14 1070.027952
 2022      6     Sylhet        -13 6191.762005
 2022      6     Sylhet        -13 1814.071487
 2022      7     Sylhet        -13 5709.373397
 2022      7     Sylhet        -13 1453.056981
 2022      8     Sylhet        -13 4236.485128
 2022      8     Sylhet        -13  782.174128
 2022      9     Sylhet        -14 3446.416754
 2022      9     Sylhet        -14  599.936983
 2022     10     Sylhet        -15 2968.912622
 2022     10     Sylhet        -15  447.217785
 2022     11     Sylhet        -16 1929.917312
 2022     11     Sylhet        -16  251.487842
 2022     12     Sylhet        -17  949.836213
 2022     12     Sylhet        -17  137.301956
 2023      1     Sylhet        -17  275.697277
 2023      1     Sylhet        -17   61.372851
 2023      2     Sylhet        -16  172.746812
 2023      2     Sylhet        -16   45.644225
 2023      3     Sylhet        -16  139.086442
 2023      3     Sylhet        -16   35.353081
 2023      4     Sylhet        -15  211.108135
 2023      4     Sylhet        -15   55.084729
 2023      5     Sylhet        -14  269.710489
 2023      5     Sylhet        -14   89.505575
 2023      6     Sylhet        -13 2745.878371
 2023      6     Sylhet        -13  989.483469
 2023      7     Sylhet        -13 4623.968578
 2023      7     Sylhet        -13 1065.570315
 2023      8     Sylhet        -13 3948.421800
 2023      8     Sylhet        -13  819.090163
 2023      9     Sylhet        -14 2934.965120
 2023      9     Sylhet        -14  414.386566
 2023     10     Sylhet        -15 2633.760502
 2023     10     Sylhet        -15  375.470047
 2023     11     Sylhet        -16 1624.973790
 2023     11     Sylhet        -16  175.509547
 2023     12     Sylhet        -17  953.656661
 2023     12     Sylhet        -17  120.403222
 2024      1     Sylhet        -17  272.813322
 2024      1     Sylhet        -17   61.306707
 2024      2     Sylhet        -16  171.342477
 2024      2     Sylhet        -16   41.780748
 2024      3     Sylhet        -16  157.411062
 2024      3     Sylhet        -16   36.960167
 2024      4     Sylhet        -15  253.638931
 2024      4     Sylhet        -15   87.243091
 2024      5     Sylhet        -14  534.582308
 2024      5     Sylhet        -14  150.556985
 2024      6     Sylhet        -13 5773.035369
 2024      6     Sylhet        -13 1769.417076
 2024      7     Sylhet        -13 5998.906628
 2024      7     Sylhet        -13 1688.793662
 2024      8     Sylhet        -13 4828.414120
 2024      8     Sylhet        -13 1144.596489
 2024      9     Sylhet        -14 3286.922540
 2024      9     Sylhet        -14  569.661380
 2024     10     Sylhet        -15 2858.008828
 2024     10     Sylhet        -15  436.364241
 2024     11     Sylhet        -16 1840.410246
 2024     11     Sylhet        -16  242.844816
 2024     12     Sylhet        -17  818.831111
 2024     12     Sylhet        -17  127.218404
 2025      1     Sylhet        -17  242.463641
 2025      1     Sylhet        -17   54.976380
 2025      2     Sylhet        -16  174.275837
 2025      2     Sylhet        -16   55.498114
 2025      3     Sylhet        -16  134.667439
 2025      3     Sylhet        -16   35.060321
 2025      4     Sylhet        -15  164.556142
 2025      4     Sylhet        -15   49.055267
 2025      5     Sylhet        -14  809.636885
 2025      5     Sylhet        -14  290.257836
 2025      6     Sylhet        -13 4692.783336
 2025      6     Sylhet        -13 1179.641221
 2025      7     Sylhet        -13 3738.557622
 2025      7     Sylhet        -13  756.520931
 2025      8     Sylhet        -13 3905.576218
 2025      8     Sylhet        -13  785.477413
 2025      9     Sylhet        -14 2925.989248
 2025      9     Sylhet        -14  450.746706
 2025     10     Sylhet        -15 2381.307671
 2025     10     Sylhet        -15  312.265353
 2025     11     Sylhet        -16 1554.417332
 2025     11     Sylhet        -16  170.630761
 2025     12     Sylhet        -17  802.775180
 2025     12     Sylhet        -17  106.428001
--- 2. ZERO VALUE ANOMALIES (Area = 0.0) ---
Summary per Year/Month:
 Year  Month  Count
 2015      9      1
 2015     11      1
 2016      1     30

Detailed Zero Records (Sample of top 20):
 Year  Month      Class  Threshold  Area_km2
 2016      1   Bagerhat        -17       0.0
 2016      1    Barguna        -17       0.0
 2016      1  Chuadanga        -17       0.0
 2016      1      Dhaka        -17       0.0
 2016      1   Faridpur        -17       0.0
 2016      1    Gazipur        -17       0.0
 2016      1  Gopalganj        -17       0.0
 2016      1   Jamalpur        -17       0.0
 2016      1    Jessore        -17       0.0
 2016      1  Jhalokati        -17       0.0
 2016      1  Jhenaidah        -17       0.0
 2016      1     Khulna        -17       0.0
 2016      1     Khulna        -17       0.0
 2016      1   Kurigram        -17       0.0
 2016      1    Kushtia        -17       0.0
 2016      1  Madaripur        -17       0.0
 2016      1     Magura        -17       0.0
 2016      1  Manikganj        -17       0.0
 2016      1   Meherpur        -17       0.0
 2016      1 Mymensingh        -17       0.0
--- 3. STATISTICAL OUTLIERS (Z-score > 3.0) ---
These represent extreme spikes compared to historical average for that month.
 Year  Month       Class    Area_km2
 2017      4      Sylhet 2727.978833
 2016      5     Barguna  449.519426
 2017      4   Netrakona  436.547237
 2016      1 Lalmonirhat  140.548091
 2016      1    Dinajpur   41.129538
 2016      1   Joypurhat    6.542641
 2016      1 Narayanganj    0.877973
 2016      1     Barguna    0.000000
--- 4. MISSING YEARS/MONTHS CHECK ---
MISMATCH: Expected 8580, but found 9504.
